[gd_scene load_steps=8 format=2]

[ext_resource path="res://visuals/textures/Light/texture_07.png" type="Texture" id=1]
[ext_resource path="res://scenes/player.tscn" type="PackedScene" id=2]
[ext_resource path="res://scenes/box.tscn" type="PackedScene" id=3]
[ext_resource path="res://scenes/pawn.tscn" type="PackedScene" id=4]

[sub_resource type="SpatialMaterial" id=1]
albedo_color = Color( 0.764706, 0.764706, 0.764706, 1 )
albedo_texture = ExtResource( 1 )
uv1_triplanar = true

[sub_resource type="ProceduralSky" id=2]

[sub_resource type="Environment" id=3]
background_mode = 2
background_sky = SubResource( 2 )
ambient_light_color = Color( 1, 1, 1, 1 )
ambient_light_sky_contribution = 0.0
tonemap_mode = 1
glow_enabled = true

[node name="World" type="Spatial"]

[node name="Box" type="CSGBox" parent="."]
transform = Transform( 1, 0, 0, 0, 1, 0, 0, 0, 1, 0, 5, 0 )
material_override = SubResource( 1 )
use_collision = true
invert_faces = true
width = 20.0
height = 10.0
depth = 20.0

[node name="Player" parent="." instance=ExtResource( 2 )]
transform = Transform( 0.322299, 0, -0.946638, 0, 1, 0, 0.946638, 0, 0.322299, -2.40014, 1.03626, 0 )

[node name="pawn" parent="." instance=ExtResource( 4 )]
transform = Transform( 1, 0, 0, 0, 1, 0, 0, 0, 1, 2.55227, 1.77569, -4.43815 )

[node name="pawn2" parent="." instance=ExtResource( 4 )]
transform = Transform( 1, 0, 0, 0, 1, 0, 0, 0, 1, 2.55227, 1.77569, -1.76217 )

[node name="pawn3" parent="." instance=ExtResource( 4 )]
transform = Transform( 1, 0, 0, 0, 1, 0, 0, 0, 1, 2.55227, 1.77569, 0.169564 )

[node name="pawn4" parent="." instance=ExtResource( 4 )]
transform = Transform( 1, 0, 0, 0, 1, 0, 0, 0, 1, 2.55227, 1.77569, 2.1099 )

[node name="pawn5" parent="." instance=ExtResource( 4 )]
transform = Transform( 1, 0, 0, 0, 1, 0, 0, 0, 1, 4.20912, 1.77569, -1.76217 )

[node name="pawn6" parent="." instance=ExtResource( 4 )]
transform = Transform( 1, 0, 0, 0, 1, 0, 0, 0, 1, 4.20912, 1.77569, 0.169564 )

[node name="pawn7" parent="." instance=ExtResource( 4 )]
transform = Transform( 1, 0, 0, 0, 1, 0, 0, 0, 1, 4.20912, 1.77569, 2.1099 )

[node name="Box2" parent="." instance=ExtResource( 3 )]
transform = Transform( 1, 0, 0, 0, 1, 0, 0, 0, 1, 0, 0.63721, -6.31371 )

[node name="Box3" parent="." instance=ExtResource( 3 )]
transform = Transform( 1, 0, 0, 0, 1, 0, 0, 0, 1, -1.27223, 0.63721, -6.31371 )

[node name="Box4" parent="." instance=ExtResource( 3 )]
transform = Transform( 1, 0, 0, 0, 1, 0, 0, 0, 1, -2.5253, 0.63721, -6.31371 )

[node name="Box5" parent="." instance=ExtResource( 3 )]
transform = Transform( 1, 0, 0, 0, 1, 0, 0, 0, 1, -3.72318, 0.63721, -6.31371 )

[node name="Box6" parent="." instance=ExtResource( 3 )]
transform = Transform( 1, 0, 0, 0, 1, 0, 0, 0, 1, -3.05513, 1.88007, -6.31371 )

[node name="Box7" parent="." instance=ExtResource( 3 )]
transform = Transform( 1, 0, 0, 0, 1, 0, 0, 0, 1, -1.78769, 1.88007, -6.31371 )

[node name="Box8" parent="." instance=ExtResource( 3 )]
transform = Transform( 1, 0, 0, 0, 1, 0, 0, 0, 1, -0.608175, 1.88007, -6.31371 )

[node name="Box9" parent="." instance=ExtResource( 3 )]
transform = Transform( 1, 0, 0, 0, 1, 0, 0, 0, 1, -1.1877, 3.09209, -6.31371 )

[node name="Box10" parent="." instance=ExtResource( 3 )]
transform = Transform( 1, 0, 0, 0, 1, 0, 0, 0, 1, -2.45506, 3.09209, -6.31371 )

[node name="Box11" parent="." instance=ExtResource( 3 )]
transform = Transform( 1, 0, 0, 0, 1, 0, 0, 0, 1, -1.85177, 4.35237, -6.31371 )

[node name="Box12" parent="." instance=ExtResource( 3 )]
transform = Transform( 1, 0, 0, 0, 1, 0, 0, 0, 1, 0, 0.63721, 6.65181 )

[node name="Box13" parent="." instance=ExtResource( 3 )]
transform = Transform( 1, 0, 0, 0, 1, 0, 0, 0, 1, -1.27223, 0.63721, 6.65181 )

[node name="Box14" parent="." instance=ExtResource( 3 )]
transform = Transform( 1, 0, 0, 0, 1, 0, 0, 0, 1, -2.5253, 0.63721, 6.65181 )

[node name="Box15" parent="." instance=ExtResource( 3 )]
transform = Transform( 1, 0, 0, 0, 1, 0, 0, 0, 1, -3.72318, 0.63721, 6.65181 )

[node name="Box16" parent="." instance=ExtResource( 3 )]
transform = Transform( 1, 0, 0, 0, 1, 0, 0, 0, 1, -3.05513, 1.88007, 6.65181 )

[node name="Box17" parent="." instance=ExtResource( 3 )]
transform = Transform( 1, 0, 0, 0, 1, 0, 0, 0, 1, -1.78769, 1.88007, 6.65181 )

[node name="Box18" parent="." instance=ExtResource( 3 )]
transform = Transform( 1, 0, 0, 0, 1, 0, 0, 0, 1, -0.608175, 1.88007, 6.65181 )

[node name="Box19" parent="." instance=ExtResource( 3 )]
transform = Transform( 1, 0, 0, 0, 1, 0, 0, 0, 1, -1.1877, 3.09209, 6.65181 )

[node name="Box20" parent="." instance=ExtResource( 3 )]
transform = Transform( 1, 0, 0, 0, 1, 0, 0, 0, 1, -2.45506, 3.09209, 6.65181 )

[node name="Box21" parent="." instance=ExtResource( 3 )]
transform = Transform( 1, 0, 0, 0, 1, 0, 0, 0, 1, -1.85177, 4.35237, 6.65181 )

[node name="Box22" parent="." instance=ExtResource( 3 )]
transform = Transform( 0.69398, 0, 0.719994, 0, 1, 0, -0.719994, 0, 0.69398, 6.34581, 0.63721, 4.79939 )

[node name="Box23" parent="." instance=ExtResource( 3 )]
transform = Transform( 0.69398, 0, 0.719994, 0, 1, 0, -0.719994, 0, 0.69398, 5.46291, 0.63721, 5.71538 )

[node name="Box24" parent="." instance=ExtResource( 3 )]
transform = Transform( 0.69398, 0, 0.719994, 0, 1, 0, -0.719994, 0, 0.69398, 4.5933, 0.63721, 6.61758 )

[node name="Box25" parent="." instance=ExtResource( 3 )]
transform = Transform( 0.69398, 0, 0.719994, 0, 1, 0, -0.719994, 0, 0.69398, 3.762, 0.63721, 7.48005 )

[node name="Box26" parent="." instance=ExtResource( 3 )]
transform = Transform( 0.69398, 0, 0.719994, 0, 1, 0, -0.719994, 0, 0.69398, 4.22561, 1.88007, 6.99906 )

[node name="Box27" parent="." instance=ExtResource( 3 )]
transform = Transform( 0.69398, 0, 0.719994, 0, 1, 0, -0.719994, 0, 0.69398, 5.10519, 1.88007, 6.08651 )

[node name="Box28" parent="." instance=ExtResource( 3 )]
transform = Transform( 0.69398, 0, 0.719994, 0, 1, 0, -0.719994, 0, 0.69398, 5.92375, 1.88007, 5.23727 )

[node name="Box29" parent="." instance=ExtResource( 3 )]
transform = Transform( 0.69398, 0, 0.719994, 0, 1, 0, -0.719994, 0, 0.69398, 5.52157, 3.09209, 5.65452 )

[node name="Box30" parent="." instance=ExtResource( 3 )]
transform = Transform( 0.69398, 0, 0.719994, 0, 1, 0, -0.719994, 0, 0.69398, 4.64205, 3.09209, 6.56701 )

[node name="Box31" parent="." instance=ExtResource( 3 )]
transform = Transform( 0.69398, 0, 0.719994, 0, 1, 0, -0.719994, 0, 0.69398, 5.06072, 4.35237, 6.13265 )

[node name="WorldEnvironment" type="WorldEnvironment" parent="."]
environment = SubResource( 3 )

[node name="DirectionalLight" type="DirectionalLight" parent="WorldEnvironment"]
transform = Transform( 1, 0, 0, 0, 0.767993, 0.640458, 0, -0.640458, 0.767993, 0, 4.00423, 0 )
light_negative = true

[node name="OmniLight" type="OmniLight" parent="WorldEnvironment"]
transform = Transform( 1, 0, 0, 0, 1, 0, 0, 0, 1, 0, 7.11986, 0 )
omni_range = 22.8
omni_attenuation = 1.18921
