[gd_scene load_steps=6 format=2]

[ext_resource path="res://scenes/tree/log.tscn" type="PackedScene" id=1]
[ext_resource path="res://scenes/logsPile.gd" type="Script" id=2]
[ext_resource path="res://audio/sfx/log_impact/log_impact.wav" type="AudioStream" id=3]

[sub_resource type="BoxShape" id=2]
extents = Vector3( 0.68038, 0.23125, 1.1324 )

[sub_resource type="BoxShape" id=1]
extents = Vector3( 0.718173, 0.276866, 1.2203 )

[node name="LogsPile" type="RigidBody"]
gravity_scale = 3.0
contacts_reported = 3
contact_monitor = true
script = ExtResource( 2 )

[node name="CollisionShape" type="CollisionShape" parent="."]
transform = Transform( 1, 0, 0, 0, 1, 0, 0, 0, 1, -0.158954, 0.0651014, 0 )
shape = SubResource( 2 )

[node name="log" parent="." instance=ExtResource( 1 )]
transform = Transform( 1, 0, 0, 0, -1.62921e-07, 1, 0, -1, -1.62921e-07, 0, 0, 0 )

[node name="log2" parent="." instance=ExtResource( 1 )]
transform = Transform( -0.993988, -1.78384e-08, 0.109491, -0.109491, 1.61941e-07, -0.993988, 0, -1, -1.62921e-07, -0.183945, 0.189934, 0 )

[node name="log3" parent="." instance=ExtResource( 1 )]
transform = Transform( -0.613886, -0.000417791, 0.789395, 0.789395, 0.000536972, 0.613886, -0.000680359, 1, 1.62921e-07, 0.352986, 0.00255477, 0 )

[node name="log4" parent="." instance=ExtResource( 1 )]
transform = Transform( -0.999418, -0.0341143, -5.55793e-09, 0, -1.62921e-07, 1, -0.0341143, 0.999418, 1.62826e-07, -0.480179, 0, 0 )

[node name="Area" type="Area" parent="."]
transform = Transform( 1, 0, 0, 0, 1, 0, 0, 0, 1, 0, -0.0210606, 0 )

[node name="CollisionShape" type="CollisionShape" parent="Area"]
transform = Transform( 1, 0, 0, 0, 1, 0, 0, 0, 1, -0.151779, 0.0821011, 0 )
shape = SubResource( 1 )

[node name="LogHit" type="AudioStreamPlayer3D" parent="."]
stream = ExtResource( 3 )
unit_db = 4.948

[connection signal="body_entered" from="." to="." method="_on_LogsPile_body_entered"]
[connection signal="body_entered" from="Area" to="." method="_on_Area_body_entered"]
