[gd_scene load_steps=17 format=2]

[ext_resource path="res://scenes/player.tscn" type="PackedScene" id=1]
[ext_resource path="res://scenes/fullTree.tscn" type="PackedScene" id=2]
[ext_resource path="res://map_data/data.hterrain" type="Resource" id=3]
[ext_resource path="res://addons/zylann.hterrain/hterrain.gd" type="Script" id=4]
[ext_resource path="res://addons/zylann.hterrain/hterrain_texture_set.gd" type="Script" id=5]
[ext_resource path="res://visuals/terrain_textures/main_slot1_albedo_bump.packed_tex" type="Texture" id=6]
[ext_resource path="res://visuals/terrain_textures/main_slot0_albedo_bump.packed_tex" type="Texture" id=7]
[ext_resource path="res://visuals/terrain_textures/main_slot0_normal_roughness.packed_tex" type="Texture" id=8]
[ext_resource path="res://visuals/terrain_textures/main_slot1_normal_roughness.packed_tex" type="Texture" id=9]
[ext_resource path="res://addons/zylann.hterrain/tools/icons/icon_detail_layer_node.svg" type="Texture" id=10]
[ext_resource path="res://visuals/terrain_textures/grass.png" type="Texture" id=11]
[ext_resource path="res://addons/zylann.hterrain/hterrain_detail_layer.gd" type="Script" id=12]

[sub_resource type="Resource" id=1]
script = ExtResource( 5 )
mode = 0
textures = [ [ ExtResource( 7 ), ExtResource( 6 ) ], [ ExtResource( 8 ), ExtResource( 9 ) ] ]

[sub_resource type="Shader" id=2]
code = "shader_type spatial;
render_mode cull_disabled;

uniform sampler2D u_terrain_heightmap;
uniform sampler2D u_terrain_detailmap;
uniform sampler2D u_terrain_normalmap;
uniform sampler2D u_terrain_globalmap : hint_albedo;
uniform mat4 u_terrain_inverse_transform;
uniform mat3 u_terrain_normal_basis;

uniform sampler2D u_albedo_alpha : hint_albedo;
uniform float u_view_distance = 100.0;
uniform float u_globalmap_tint_bottom : hint_range(0.0, 1.0);
uniform float u_globalmap_tint_top : hint_range(0.0, 1.0);
uniform float u_bottom_ao : hint_range(0.0, 1.0);
uniform vec2 u_ambient_wind; // x: amplitude, y: time
uniform vec3 u_instance_scale = vec3(1.0, 1.0, 1.0);

varying vec3 v_normal;
varying vec2 v_map_uv;

float get_hash(vec2 c) {
	return fract(sin(dot(c.xy, vec2(12.9898,78.233))) * 43758.5453);
}

vec3 unpack_normal(vec4 rgba) {
	vec3 n = rgba.xzy * 2.0 - vec3(1.0);
	n.z *= -1.0;
	return n;
}

vec3 get_ambient_wind_displacement(vec2 uv, float hash) {
	// TODO This is an initial basic implementation. It may be improved in the future, especially for strong wind.
	float t = u_ambient_wind.y;
	float amp = u_ambient_wind.x * (1.0 - uv.y);
	// Main displacement
	vec3 disp = amp * vec3(cos(t), 0, sin(t * 1.2));
	// Fine displacement
	float fine_disp_frequency = 2.0;
	disp += 0.2 * amp * vec3(cos(t * (fine_disp_frequency + hash)), 0, sin(t * (fine_disp_frequency + hash) * 1.2));
	return disp;
}

void vertex() {
	vec4 obj_pos = WORLD_MATRIX * vec4(0, 1, 0, 1);
	vec3 cell_coords = (u_terrain_inverse_transform * obj_pos).xyz;
	// Must add a half-offset so that we sample the center of pixels,
	// otherwise bilinear filtering of the textures will give us mixed results (#183)
	cell_coords.xz += vec2(0.5);
	
	vec2 map_uv = cell_coords.xz / vec2(textureSize(u_terrain_heightmap, 0));
	v_map_uv = map_uv;

	//float density = 0.5 + 0.5 * sin(4.0*TIME); // test
	float density = texture(u_terrain_detailmap, map_uv).r;
	float hash = get_hash(obj_pos.xz);
	float hash2 = get_hash(obj_pos.zx);
	
	if (density > hash) {
		// Snap model to the terrain
		float height = texture(u_terrain_heightmap, map_uv).r / cell_coords.y;
		VERTEX *= u_instance_scale + u_instance_scale * hash2;
		VERTEX.y += height;
		
		VERTEX += get_ambient_wind_displacement(UV, hash);
		
		// Fade alpha with distance
		vec3 wpos = (WORLD_MATRIX * vec4(VERTEX, 1)).xyz;
		float dr = distance(wpos, CAMERA_MATRIX[3].xyz) / u_view_distance;
		COLOR.a = clamp(1.0 - dr * dr * dr, 0.0, 1.0);

		// When using billboards, the normal is the same as the terrain regardless of face orientation
		v_normal = normalize(u_terrain_normal_basis * unpack_normal(texture(u_terrain_normalmap, map_uv)));

	} else {
		// Discard, output degenerate triangles
		VERTEX = vec3(0, 0, 0);
	}
}

void fragment() {
	NORMAL = (INV_CAMERA_MATRIX * (WORLD_MATRIX * vec4(v_normal, 0.0))).xyz;
	ALPHA_SCISSOR = 0.5;
	ROUGHNESS = 1.0;

	vec4 col = texture(u_albedo_alpha, UV);
	ALPHA = col.a * COLOR.a;// - clamp(1.4 - UV.y, 0.0, 1.0);//* 0.5 + 0.5*cos(2.0*TIME);
	
	ALBEDO = COLOR.rgb * col.rgb;

	// Blend with ground color
	float nh = sqrt(1.0 - UV.y);
	ALBEDO = mix(ALBEDO, texture(u_terrain_globalmap, v_map_uv).rgb, mix(u_globalmap_tint_bottom, u_globalmap_tint_top, nh));
	
	// Fake bottom AO
	ALBEDO = ALBEDO * mix(1.0, 1.0 - u_bottom_ao, UV.y * UV.y);
}
"

[sub_resource type="ProceduralSky" id=3]

[sub_resource type="Environment" id=4]
background_mode = 2
background_sky = SubResource( 3 )
tonemap_mode = 2

[node name="Main" type="Spatial"]

[node name="Player" parent="." instance=ExtResource( 1 )]
transform = Transform( 1, 0, 0, 0, 1, 0, 0, 0, 1, 118.418, 9.08472, 122.476 )

[node name="Trees" type="Spatial" parent="."]

[node name="fullTree" parent="Trees" instance=ExtResource( 2 )]
transform = Transform( 1, 0, 0, 0, 1, 0, 0, 0, 1, 118.418, 5.62212, 113.716 )

[node name="fullTree2" parent="Trees" instance=ExtResource( 2 )]
transform = Transform( 0.384392, 0, 0.92317, 0, 1, 0, -0.92317, 0, 0.384392, 104.439, 5.57335, 116.519 )

[node name="fullTree9" parent="Trees" instance=ExtResource( 2 )]
transform = Transform( 0.384392, 0, 0.92317, 0, 1, 0, -0.92317, 0, 0.384392, 98.4168, 9.36218, 127.807 )

[node name="fullTree10" parent="Trees" instance=ExtResource( 2 )]
transform = Transform( 0.384392, 0, 0.92317, 0, 1, 0, -0.92317, 0, 0.384392, 98.4168, 6.00206, 148.836 )

[node name="fullTree11" parent="Trees" instance=ExtResource( 2 )]
transform = Transform( 0.384392, 0, 0.92317, 0, 1, 0, -0.92317, 0, 0.384392, 109.131, 2.54029, 153.83 )

[node name="fullTree3" parent="Trees" instance=ExtResource( 2 )]
transform = Transform( 0.384392, 0, 0.92317, 0, 1, 0, -0.92317, 0, 0.384392, 134.689, 7.75064, 116.519 )

[node name="fullTree4" parent="Trees" instance=ExtResource( 2 )]
transform = Transform( 0.384392, 0, 0.92317, 0, 1, 0, -0.92317, 0, 0.384392, 134.689, 3.91197, 129.791 )

[node name="fullTree5" parent="Trees" instance=ExtResource( 2 )]
transform = Transform( 0.384392, 0, 0.92317, 0, 1, 0, -0.92317, 0, 0.384392, 134.689, 5.26944, 140.98 )

[node name="fullTree6" parent="Trees" instance=ExtResource( 2 )]
transform = Transform( 0.384392, 0, 0.92317, 0, 1, 0, -0.92317, 0, 0.384392, 112.647, 5.15174, 113.777 )

[node name="fullTree7" parent="Trees" instance=ExtResource( 2 )]
transform = Transform( 0.384392, 0, 0.92317, 0, 1, 0, -0.92317, 0, 0.384392, 112.647, 2.74678, 142.147 )

[node name="fullTree8" parent="Trees" instance=ExtResource( 2 )]
transform = Transform( 0.384392, 0, 0.92317, 0, 1, 0, -0.92317, 0, 0.384392, 128.694, 5.59662, 146.154 )

[node name="HTerrain" type="Spatial" parent="."]
script = ExtResource( 4 )
ambient_wind = 0.134
map_scale = Vector3( 0.5, 0.5, 0.5 )
_terrain_data = ExtResource( 3 )
chunk_size = 32
collision_enabled = true
collision_layer = 1
collision_mask = 1
shader_type = "Classic4"
custom_shader = null
custom_globalmap_shader = null
texture_set = SubResource( 1 )
shader_params/u_ground_uv_scale_per_texture = Plane( 20, 20, 20, 20 )
shader_params/u_depth_blending = true
shader_params/u_triplanar = false
shader_params/u_tile_reduction = Plane( 1, 1, 1, 1 )
shader_params/u_globalmap_blend_start = null
shader_params/u_globalmap_blend_distance = null
shader_params/u_colormap_opacity_per_texture = Plane( 1, 1, 1, 1 )

[node name="HTerrainDetailLayer" type="Spatial" parent="HTerrain"]
script = ExtResource( 12 )
__meta__ = {
"_editor_icon": ExtResource( 10 )
}
texture = ExtResource( 11 )
view_distance = 500.0
custom_shader = SubResource( 2 )
shader_params/u_globalmap_tint_bottom = 0.591
shader_params/u_globalmap_tint_top = 0.444
shader_params/u_bottom_ao = 0.455
shader_params/u_instance_scale = Vector3( 1, 1, 1 )

[node name="WorldEnvironment" type="WorldEnvironment" parent="."]
environment = SubResource( 4 )

[node name="DirectionalLight" type="DirectionalLight" parent="WorldEnvironment"]
transform = Transform( 1, 0, 0, 0, -0.707107, 0.707107, 0, -0.707107, -0.707107, 159.063, 34.6217, 67.5601 )
light_color = Color( 0.996078, 0.956863, 0.686275, 1 )
shadow_enabled = true
