[gd_scene load_steps=2 format=2]

[ext_resource path="res://models/arm/robotic_arm.glb" type="PackedScene" id=1]

[node name="robotic_arm" instance=ExtResource( 1 )]

[node name="Target" type="Position3D" parent="." index="0"]
transform = Transform( 1, 0, 0, 0, 1, 0, 0, 0, 1, -3.03285, -1.61793, 0 )

[node name="BoneAttachment" parent="Armature/Skeleton" index="0"]
transform = Transform( 0.00275018, -0.906189, -0.422865, -0.00283818, -0.422871, 0.906185, -0.999992, -0.00129201, -0.0037349, 0.221664, -2.10607, 7.954e-08 )

[node name="BoneAttachment 2" parent="Armature/Skeleton" index="1"]
transform = Transform( -6.38017e-08, -0.522877, -0.852408, 4.2686e-08, -0.852408, 0.522877, -1, -3.02541e-09, 7.67046e-08, 1.09794, -0.338589, 9.13321e-08 )

[node name="BoneAttachment 3" parent="Armature/Skeleton" index="2"]
transform = Transform( 7.96211e-08, 0.5409, -0.841087, -2.29208e-09, -0.841087, -0.5409, -1, 4.49949e-08, -6.57284e-08, 0, 1.36867, 0 )

[node name="BoneAttachment 4" parent="Armature/Skeleton" index="3"]
transform = Transform( 0, 0, -1, 0, -1, 0, -1, 0, 0, 0, 2.3183, 0 )

[node name="SkeletonIK" type="SkeletonIK" parent="Armature/Skeleton" index="5"]
process_priority = 1
root_bone = "bone_1"
tip_bone = "tip_bone"
target_node = NodePath("../../../Target")

[node name="Viewport" type="Viewport" parent="." index="3"]
size = Vector2( 80, 80 )
msaa = 2
render_target_v_flip = true
render_target_update_mode = 3

[node name="Camera" type="Camera" parent="Viewport" index="0"]
transform = Transform( 1, 0, 0, 0, -1.62921e-07, 1, 0, -1, -1.62921e-07, 0.221664, -2.10607, 0 )
