[gd_scene load_steps=4 format=2]

[ext_resource path="res://models/arm/robotic_arm.glb" type="PackedScene" id=1]
[ext_resource path="res://robotic_arm.gd" type="Script" id=2]

[sub_resource type="BoxShape" id=1]
extents = Vector3( 0.106892, 0.0673478, 0.0734396 )

[node name="Robotic_arm" instance=ExtResource( 1 )]
script = ExtResource( 2 )

[node name="Target" type="Position3D" parent="." index="0"]
transform = Transform( -0.380813, -0.19012, 0.904895, 0.403977, 0.846083, 0.347772, -0.831735, 0.497993, -0.245396, 1.67666, -1.35952, 0 )

[node name="Skeleton" parent="Armature" index="0"]
bones/0/bound_children = [ NodePath("BoneAttachment 4") ]
bones/1/bound_children = [ NodePath("BoneAttachment 3") ]
bones/2/bound_children = [ NodePath("BoneAttachment 2") ]
bones/6/bound_children = [ NodePath("BoneAttachment") ]
bones/7/bound_children = [ NodePath("BoneAttachment2") ]

[node name="BoneAttachment" parent="Armature/Skeleton" index="0"]
transform = Transform( 0.00377874, -0.589643, -0.807655, -0.00115754, -0.807663, 0.589644, -0.999992, -0.00129322, -0.00373449, 1.84195, -1.61949, -2.61311e-07 )

[node name="FingerL" parent="Armature/Skeleton/BoneAttachment" index="0"]
layers = 512

[node name="BoneAttachment 2" parent="Armature/Skeleton" index="1"]
transform = Transform( 3.00168e-07, -0.0466397, -0.998912, 1.22584e-06, -0.998912, 0.0466397, -1, -1.2385e-06, -2.42669e-07, 1.75654, 0.351439, 2.12134e-06 )

[node name="Arm2" parent="Armature/Skeleton/BoneAttachment 2" index="0"]
layers = 512

[node name="BoneAttachment 3" parent="Armature/Skeleton" index="2"]
transform = Transform( 8.05261e-07, 0.865365, -0.501143, -6.9489e-07, -0.501143, -0.865365, -1, 1.04508e-06, 1.97782e-07, 0, 1.36867, 0 )

[node name="Arm1" parent="Armature/Skeleton/BoneAttachment 3" index="0"]
layers = 512

[node name="BoneAttachment 4" parent="Armature/Skeleton" index="3"]
transform = Transform( 0, 0, -1, 0, -1, 0, -1, 0, 0, 0, 2.3183, 0 )

[node name="Base" parent="Armature/Skeleton/BoneAttachment 4" index="0"]
layers = 512

[node name="FingerR" parent="Armature/Skeleton" index="4"]
layers = 512

[node name="BoneAttachment2" type="BoneAttachment" parent="Armature/Skeleton" index="5"]
transform = Transform( -0.380813, -0.19012, 0.904895, 0.403977, 0.846083, 0.347772, -0.831735, 0.497993, -0.245396, 1.67655, -1.36187, -2.90902e-09 )
bone_name = "tip_bone"

[node name="Area" type="Area" parent="Armature/Skeleton/BoneAttachment2" index="0"]
transform = Transform( 1, 2.98023e-08, 5.96046e-08, 5.96046e-08, 1, 0, 7.45058e-08, 1.3411e-07, 1, -0.0238678, -0.0594184, -0.0396837 )

[node name="CollisionShape" type="CollisionShape" parent="Armature/Skeleton/BoneAttachment2/Area" index="0"]
transform = Transform( 0.607174, -0.76387, -0.218728, -0.291933, 0.0415626, -0.955535, 0.738996, 0.644031, -0.197763, 0, -2.98023e-07, -4.76837e-07 )
shape = SubResource( 1 )

[node name="GrabPoint" type="Position3D" parent="Armature/Skeleton/BoneAttachment2" index="1"]

[node name="SkeletonIK" type="SkeletonIK" parent="Armature/Skeleton" index="6"]
process_priority = 1
root_bone = "bone_1"
tip_bone = "tip_bone"
target_node = NodePath("../../../Target")
