[gd_scene load_steps=11 format=2]

[ext_resource path="res://scripts/3D_example.gd" type="Script" id=1]

[sub_resource type="CubeMesh" id=1]

[sub_resource type="SpatialMaterial" id=7]
albedo_color = Color( 0.0705882, 0.517647, 0.811765, 1 )
roughness = 0.6
ao_enabled = true
ao_light_affect = 0.0
ao_on_uv2 = false
ao_texture_channel = 0
subsurf_scatter_enabled = true
subsurf_scatter_strength = 0.0

[sub_resource type="CylinderMesh" id=2]

[sub_resource type="SpatialMaterial" id=8]
albedo_color = Color( 0.898039, 0.176471, 0.141176, 1 )
metallic = 0.13
roughness = 0.3
ao_enabled = true
ao_light_affect = 0.0
ao_on_uv2 = false
ao_texture_channel = 0
subsurf_scatter_enabled = true
subsurf_scatter_strength = 0.0

[sub_resource type="PlaneMesh" id=5]
size = Vector2( 50, 50 )

[sub_resource type="SpatialMaterial" id=6]
albedo_color = Color( 0.282353, 0.282353, 0.282353, 1 )
metallic = 0.22
roughness = 0.57

[sub_resource type="CubeMesh" id=9]
size = Vector3( 1, 6, 5 )

[sub_resource type="ProceduralSky" id=3]

[sub_resource type="Environment" id=4]
background_mode = 2
background_sky = SubResource( 3 )
tonemap_mode = 4
ss_reflections_enabled = true
ssao_enabled = true

[node name="3DExample" type="Spatial"]
script = ExtResource( 1 )

[node name="MeshInstance" type="MeshInstance" parent="."]
transform = Transform( 1, 0, 0, 0, 1, 0, 0, 0, 1, 0, -1.84518, 0 )
mesh = SubResource( 1 )
material/0 = SubResource( 7 )

[node name="MeshInstance2" type="MeshInstance" parent="."]
transform = Transform( 1, 0, 0, 0, 1, 0, 0, 0, 1, 2.51597, -1.84518, 0.752246 )
mesh = SubResource( 2 )
material/0 = SubResource( 8 )

[node name="MeshInstance3" type="MeshInstance" parent="."]
transform = Transform( 1, 0, 0, 0, 1, 0, 0, 0, 1, 0, -2.79911, 0 )
mesh = SubResource( 5 )
material/0 = SubResource( 6 )

[node name="Wall" type="MeshInstance" parent="."]
transform = Transform( 1, 0, 0, 0, 1, 0, 0, 0, 1, 2.14242, 0.169752, 7.50346 )
visible = false
mesh = SubResource( 9 )

[node name="Camera1" type="Camera" parent="."]
transform = Transform( 0.93138, 0.11162, -0.346514, 0, 0.951836, 0.306609, 0.364048, -0.28557, 0.886521, -2.28311, 1.85818, 8.48474 )
current = true

[node name="Camera2" type="Camera" parent="."]
transform = Transform( 0.653183, 0, 0.7572, 0, 1, 0, -0.7572, 0, 0.653183, 6.71706, 0, 5.28411 )
fov = 110.0

[node name="WorldEnvironment" type="WorldEnvironment" parent="."]
environment = SubResource( 4 )

[node name="DirectionalLight" type="DirectionalLight" parent="WorldEnvironment"]
transform = Transform( 0.830751, 0.310514, -0.461989, 0, 0.829954, 0.557832, 0.556644, -0.46342, 0.689485, 0, 7.0162, 0 )
shadow_enabled = true
shadow_color = Color( 0.537255, 0.537255, 0.537255, 1 )
