[gd_scene load_steps=16 format=2]

[ext_resource path="res://models/bow_rigged/recurveBow_rigged.glb" type="PackedScene" id=1]
[ext_resource path="res://sfx/arrow_nock.wav" type="AudioStream" id=2]
[ext_resource path="res://sfx/rope_arm.ogg" type="AudioStream" id=3]
[ext_resource path="res://bow.gd" type="Script" id=4]
[ext_resource path="res://sfx/arrow_hit.ogg" type="AudioStream" id=5]
[ext_resource path="res://sfx/arrow_swoosh.ogg" type="AudioStream" id=6]
[ext_resource path="res://models/bow_rigged/Rubber.material" type="Material" id=7]
[ext_resource path="res://distance.tscn" type="PackedScene" id=8]

[sub_resource type="BoxShape" id=1]
extents = Vector3( 0.772029, 0.549954, 0.200612 )

[sub_resource type="CylinderShape" id=2]
radius = 0.0191062
height = 3.69332

[sub_resource type="SphereMesh" id=3]
radius = 0.1
height = 0.2

[sub_resource type="SpatialMaterial" id=4]
flags_unshaded = true
albedo_color = Color( 1, 0, 0, 1 )

[sub_resource type="PlaneMesh" id=5]
resource_local_to_scene = true
size = Vector2( 0.2, 0.2 )

[sub_resource type="ViewportTexture" id=6]
viewport_path = NodePath("DistanceViewport")

[sub_resource type="SpatialMaterial" id=7]
resource_local_to_scene = true
flags_transparent = true
flags_unshaded = true
albedo_texture = SubResource( 6 )

[node name="recurveBow_rigged" instance=ExtResource( 1 )]
script = ExtResource( 4 )

[node name="DistanceViewport" type="Viewport" parent="." index="0"]
size = Vector2( 64, 64 )
transparent_bg = true
disable_3d = true
usage = 0
render_target_v_flip = true
render_target_update_mode = 1

[node name="Distance" parent="DistanceViewport" index="0" instance=ExtResource( 8 )]

[node name="Skeleton" parent="Armature" index="0"]
bones/1/rest = Transform( 0, 0.99, 0.144, -0.037, 0.144, -0.989, -0.999, -0.005, 0.037, 0.809, -0.403, 0.009 )

[node name="BoneAttachment" parent="Armature/Skeleton" index="0"]
transform = Transform( 0.971139, 0.238526, 1.09896e-07, -0.238525, 0.971137, -6.39632e-06, -1.6382e-06, 6.1281e-06, 1, -0.0860911, 1.17515, 0.0247471 )

[node name="TopHolder" parent="Armature/Skeleton/BoneAttachment" index="0"]
transform = Transform( 0.971134, -0.238524, 6.6518e-07, 0.238524, 0.971137, -2.73573e-07, -5.80726e-07, 4.24337e-07, 1, 0.255332, -0.613418, 0.0322628 )
material/0 = ExtResource( 7 )

[node name="BoneAttachment 2" parent="Armature/Skeleton" index="1"]
transform = Transform( 0.996632, -0.0819189, 0.00437873, 0.0819945, 0.996406, -0.0213104, -0.00261728, 0.0215975, 0.999763, 0.00777386, 0.0334439, 4.77304e-08 )

[node name="Cube003" parent="Armature/Skeleton/BoneAttachment 2/Riser" index="0"]
transform = Transform( 1, 4.73792e-14, 0, -4.01632e-15, 1, 0, 0, 0, 1, 0.0124151, 0.55335, -0.105467 )

[node name="Cube004" parent="Armature/Skeleton/BoneAttachment 2/Riser/Cube003" index="0"]
transform = Transform( 1, 4.73792e-14, 0, -4.01632e-15, 1, 0, 0, 0, 1, 0.415928, -0.0017724, -0.000453748 )
material/0 = ExtResource( 7 )

[node name="BoneAttachment 3" parent="Armature/Skeleton" index="2"]
transform = Transform( -0.971137, 0.238525, 1.82725e-06, -0.238525, -0.971137, -3.8743e-07, 1.69687e-06, -7.71135e-07, 1, -0.0860925, -0.628264, 0.0197911 )

[node name="BottomHolder" parent="Armature/Skeleton/BoneAttachment 3" index="0"]
transform = Transform( -0.971136, -0.238525, 1.48577e-06, 0.238525, -0.971136, -6.12057e-07, 1.58887e-06, -2.39999e-07, 1, -0.254976, -0.611966, 0.0372113 )
material/0 = ExtResource( 7 )

[node name="BottomScrew" parent="Armature/Skeleton/BoneAttachment 3/BottomHolder" index="0"]
transform = Transform( 1, 3.59842e-15, -5.68434e-14, 2.10247e-14, 1, 0, 0, 0, 1, 0.0267407, -0.67701, -0.031906 )
material/0 = ExtResource( 7 )

[node name="BoneAttachment 4" parent="Armature/Skeleton" index="3"]
transform = Transform( -0.989383, -0.145232, 0.00541218, 0.145333, -0.988697, 0.0368433, 1.64844e-07, 0.0372387, 0.999306, -0.00890614, -0.102804, -2.3267e-10 )

[node name="ArrowPlacingArea" type="Area" parent="." index="2"]
collision_layer = 5
collision_mask = 5

[node name="CollisionShape" type="CollisionShape" parent="ArrowPlacingArea" index="0"]
transform = Transform( 1, 0, 0, 0, 1, 0, 0, 0, 1, -0.114799, 0.264457, 0 )
shape = SubResource( 1 )

[node name="RopeArea" type="Area" parent="." index="3"]
collision_layer = 7
collision_mask = 2147483655

[node name="CollisionShape" type="CollisionShape" parent="RopeArea" index="0"]
transform = Transform( 1, 0, 0, 0, 1, 0, 0, 0, 1, -0.786153, 0.439851, 0.0467396 )
shape = SubResource( 2 )

[node name="RopePosition" type="Position3D" parent="." index="4"]
transform = Transform( 1, 0, 0, 0, 1, 0, 0, 0, 1, -0.786507, 0.378396, 0.0415916 )

[node name="RayCast" type="RayCast" parent="." index="5"]
transform = Transform( 1, 0, 0, 0, 1, 0, 0, 0, 1, 0, 0.389134, 0 )
enabled = true
cast_to = Vector3( 100, 0, 0 )
collision_mask = 15
collide_with_areas = true

[node name="LaserPoint" type="MeshInstance" parent="." index="6"]
transform = Transform( 1, 0, 0, 0, 1, 0, 0, 0, 1, 0.863153, 0.387987, 0 )
visible = false
mesh = SubResource( 3 )
material/0 = SubResource( 4 )

[node name="DistanceMeter" type="MeshInstance" parent="." index="7"]
transform = Transform( 0.000228215, -0.996564, -0.0828252, 0.00274816, 0.0828255, -0.99656, 0.999996, -1.82539e-07, 0.00275762, 0, 0.386087, -0.131178 )
mesh = SubResource( 5 )
material/0 = SubResource( 7 )

[node name="DistancePoint" type="Position3D" parent="." index="8"]
transform = Transform( 1, 0, 0, 0, 1, 0, 0, 0, 1, 0.156976, 0.391442, 0.05931 )

[node name="AudioStreamPlayer" type="AudioStreamPlayer" parent="." index="9"]
stream = ExtResource( 2 )

[node name="AudioStreamPlayer2" type="AudioStreamPlayer" parent="." index="10"]
stream = ExtResource( 3 )

[node name="AudioStreamPlayer3" type="AudioStreamPlayer" parent="." index="11"]
stream = ExtResource( 5 )

[node name="AudioStreamPlayer4" type="AudioStreamPlayer" parent="." index="12"]
stream = ExtResource( 6 )
[connection signal="body_entered" from="ArrowPlacingArea" to="." method="_on_ArrowPlacingArea_body_entered"]
[connection signal="body_exited" from="ArrowPlacingArea" to="." method="_on_ArrowPlacingArea_body_exited"]
[connection signal="area_entered" from="RopeArea" to="." method="_on_RopeArea_area_entered"]
[connection signal="area_exited" from="RopeArea" to="." method="_on_RopeArea_area_exited"]
