[gd_scene load_steps=9 format=2]

[ext_resource path="res://player.tscn" type="PackedScene" id=1]
[ext_resource path="res://pickableArrow.tscn" type="PackedScene" id=2]

[sub_resource type="SpatialMaterial" id=1]
albedo_color = Color( 0.72549, 0.772549, 0.647059, 1 )

[sub_resource type="PlaneMesh" id=2]
size = Vector2( 100, 100 )

[sub_resource type="ConvexPolygonShape" id=3]
points = PoolVector3Array( 50, 0, 50, -50, 0, 50, 50, 0, -50, -50, 0, -50 )

[sub_resource type="SpatialMaterial" id=4]
albedo_color = Color( 0.639216, 0.639216, 0.639216, 1 )

[sub_resource type="CubeMesh" id=5]
size = Vector3( 2, 2, 1 )

[sub_resource type="BoxShape" id=6]
extents = Vector3( 1, 1, 0.488224 )

[node name="World" type="Spatial"]

[node name="Floor" type="StaticBody" parent="."]
collision_layer = 7
collision_mask = 7

[node name="Floor" type="MeshInstance" parent="Floor"]
material_override = SubResource( 1 )
mesh = SubResource( 2 )
material/0 = null

[node name="CollisionShape" type="CollisionShape" parent="Floor"]
shape = SubResource( 3 )

[node name="Player" parent="." instance=ExtResource( 1 )]
transform = Transform( -0.48629, 0, -0.873798, 0, 1, 0, 0.873798, 0, -0.48629, 0, 0, 0 )

[node name="Table" type="StaticBody" parent="."]
transform = Transform( 0.552795, 0, 0.833317, 0, 1, 0, -0.833317, 0, 0.552795, -0.036968, 0, 0.930936 )
collision_layer = 7
collision_mask = 7

[node name="MeshInstance" type="MeshInstance" parent="Table"]
transform = Transform( 1, 0, -2.98023e-08, 0, 1, 0, 2.98023e-08, 0, 1, 0.824705, -0.221764, 0.349391 )
material_override = SubResource( 4 )
mesh = SubResource( 5 )
material/0 = null

[node name="CollisionShape" type="CollisionShape" parent="Table"]
transform = Transform( 1, 0, 0, 0, 1, 0, 0, 0, 1, 0.768807, 0, 0.652742 )
shape = SubResource( 6 )

[node name="Node" type="Node" parent="."]

[node name="PickableArrow" parent="Node" instance=ExtResource( 2 )]
transform = Transform( 0.493866, 0, 0.869538, 0, 1, 0, -0.869538, 0, 0.493866, 0.860311, 0.989963, 0.160017 )

[node name="PickableArrow2" parent="Node" instance=ExtResource( 2 )]
transform = Transform( 0.493866, 0, 0.869538, 0, 1, 0, -0.869538, 0, 0.493866, 0.811601, 1.0295, 0.386088 )

[node name="PickableArrow3" parent="Node" instance=ExtResource( 2 )]
transform = Transform( 0.493866, 0, 0.869538, 0, 1, 0, -0.869538, 0, 0.493866, 0.474485, 0.92286, 0.518819 )
