[gd_scene load_steps=13 format=2]

[ext_resource path="res://player.tscn" type="PackedScene" id=1]
[ext_resource path="res://pickableArrow.tscn" type="PackedScene" id=2]
[ext_resource path="res://target.tscn" type="PackedScene" id=3]

[sub_resource type="PlaneMesh" id=1]
size = Vector2( 100, 100 )

[sub_resource type="SpatialMaterial" id=2]
albedo_color = Color( 0.364706, 0.454902, 0.278431, 1 )

[sub_resource type="ConvexPolygonShape" id=3]
margin = 0.001
points = PoolVector3Array( 50, 0, 50, -50, 0, 50, 50, 0, -50, -50, 0, -50 )

[sub_resource type="SpatialMaterial" id=4]
albedo_color = Color( 0.0784314, 0.262745, 0.356863, 1 )

[sub_resource type="CubeMesh" id=5]
size = Vector3( 2, 2, 1 )

[sub_resource type="ConvexPolygonShape" id=6]
margin = 0.001
points = PoolVector3Array( -1, 1, 0.5, 1, 1, -0.5, 1, 1, 0.5, -1, 1, -0.5, -1, -1, 0.5, 1, -1, -0.5, 1, -1, 0.5, -1, -1, -0.5, 1, 1, 0.5, -1, 1, -0.5, 1, 1, -0.5, -1, 1, 0.5, 1, -1, 0.5, -1, -1, -0.5, 1, -1, -0.5, -1, -1, 0.5, 1, 1, 0.5, -1, -1, 0.5, -1, 1, 0.5, 1, -1, 0.5, 1, 1, -0.5, -1, -1, -0.5, -1, 1, -0.5, 1, -1, -0.5 )

[sub_resource type="BakedLightmapData" id=7]
bounds = AABB( -13.063, -11.6893, -12.5721, 26.1259, 23.3785, 25.1441 )
cell_space_transform = Transform( 2.5, 0, 0, 0, 2.5, 0, 0, 0, 2.5, 32.6574, 29.2232, 31.4301 )
cell_subdiv = 8
octree = PoolByteArray( 0, 0, 0, 0, 0, 0, 0, 0, 0, 0, 0, 0, 0, 0, 0, 0, 0, 0, 0, 0, 0, 0, 0, 0, 0, 0, 0, 0, 0, 0, 0, 0, 0, 0, 0, 0, 0, 0, 0, 0, 255, 255, 255, 255, 255, 255, 255, 255, 255, 255, 255, 255, 255, 255, 255, 255, 255, 255, 255, 255, 255, 255, 255, 255, 255, 255, 255, 255, 255, 255, 255, 255 )

[sub_resource type="ProceduralSky" id=8]

[sub_resource type="Environment" id=9]
background_mode = 2
background_sky = SubResource( 8 )
ambient_light_color = Color( 1, 1, 1, 1 )
adjustment_enabled = true

[node name="World" type="Spatial"]

[node name="Floor" type="StaticBody" parent="."]
collision_layer = 7
collision_mask = 7

[node name="Floor" type="MeshInstance" parent="Floor"]
mesh = SubResource( 1 )
material/0 = SubResource( 2 )

[node name="CollisionShape" type="CollisionShape" parent="Floor"]
shape = SubResource( 3 )

[node name="Player" parent="." instance=ExtResource( 1 )]
transform = Transform( -0.48629, 0, -0.873798, 0, 1, 0, 0.873798, 0, -0.48629, 0, 0, 0 )

[node name="Table" type="StaticBody" parent="."]
transform = Transform( 0.552795, 0, 0.833317, 0, 1, 0, -0.833317, 0, 0.552795, -0.036968, 0, 0.930936 )
collision_layer = 7
collision_mask = 7

[node name="MeshInstance" type="MeshInstance" parent="Table"]
transform = Transform( 1, 0, -2.98023e-08, 0, 1, 0, 2.98023e-08, 0, 1, 0.824705, -0.221764, 0.349391 )
material_override = SubResource( 4 )
mesh = SubResource( 5 )
material/0 = null

[node name="CollisionShape" type="CollisionShape" parent="Table"]
transform = Transform( 1, 0, -2.98023e-08, 0, 1, 0, 2.98023e-08, 0, 1, 0.824705, -0.221764, 0.349391 )
shape = SubResource( 6 )

[node name="Node" type="Node" parent="."]

[node name="PickableArrow" parent="Node" instance=ExtResource( 2 )]
transform = Transform( 0.493866, 0, 0.869538, 0, 1, 0, -0.869538, 0, 0.493866, 0.860311, 0.989963, 0.160017 )

[node name="PickableArrow2" parent="Node" instance=ExtResource( 2 )]
transform = Transform( 0.493866, 0, 0.869538, 0, 1, 0, -0.869538, 0, 0.493866, 0.811601, 1.0295, 0.386088 )

[node name="PickableArrow3" parent="Node" instance=ExtResource( 2 )]
transform = Transform( 0.493866, 0, 0.869538, 0, 1, 0, -0.869538, 0, 0.493866, 0.474485, 0.92286, 0.518819 )

[node name="target" parent="." instance=ExtResource( 3 )]
transform = Transform( 0.290252, 0, 0.407129, 0, 0.5, 0, -0.407129, 0, 0.290252, 7.57013, 0, 5.08183 )

[node name="DirectionalLight" type="DirectionalLight" parent="."]
transform = Transform( -0.698241, 4.16186e-08, -0.715863, -0.524273, 0.680912, 0.511367, 0.48744, 0.732365, -0.475441, -2.94665, 11.3552, -7.19901 )
light_color = Color( 0.972549, 0.866667, 0.447059, 1 )
light_energy = 0.88

[node name="BakedLightmap" type="BakedLightmap" parent="."]
visible = false
bake_cell_size = 0.2
bake_quality = 2
bake_extents = Vector3( 13.063, 11.6893, 12.5721 )
light_data = SubResource( 7 )

[node name="WorldEnvironment" type="WorldEnvironment" parent="."]
environment = SubResource( 9 )
